%YAML:1.0
---
image_width: 2000
image_height: 1500
camera_matrix: !!opencv-matrix
   rows: 3
   cols: 3
   dt: d
   data: [ 1623.8579848447964, 0., 1000.8187554160095, 0.,
       1624.0821213146419, 694.47757290155062, 0., 0., 1. ]
dist_coeffs: !!opencv-matrix
   rows: 1
   cols: 5
   dt: d
   data: [ 0.053030945681677572, -0.70110110958210492,
       -0.0010491356523735795, 0.010494921453767783, 0.81845312723962571 ]
rms: 2.198328906999262
